0.42114429188366853,1.5093191504023675
-0.8423142696184553,-1.9360038708318565
1.0679502167982464,1.7031590431318944
1.5931552651629444,-0.4091651549431057
-1.0706197176723282,-1.818080707534545
0.9838655998563537,1.8041533619903862
-0.24188050817063278,-0.6996060717213819
0.9804105979182769,1.810247571799224
-0.9076122658462082,-2.408996891989599
-1.7735013159518915,0.8979942341319047
0.048809858375628457,0.375572927440757
-0.28284217366493647,-1.474761549647741
-0.17733763073803543,-0.8863504466871229
1.3146862676521578,1.046663588342025
-1.8384008792327866,1.0393517759529933
-1.8721419108266724,1.179230915242098
0.6345948898107943,1.8110726665570798
-0.5789419275253682,-1.6121268143911547
0.8070805595960808,1.7139811143670636
-0.8133125048093157,-2.098016965762968
